001017844800,2
000962930200,2
001054719000,1
000562751100,1
001278724900,1
000786198100,1
000515631900,1
000508879200,1
000553160300,1
000481797700,4
000001678400,3
000494888300,1
000001897300,12
000001087100,2
000002585600,4
000001733700,4
000331953500,27
000001709600,3
000002987400,6
000001436800,2
000001087200,2
000010753000,4
000003011900,5
000001554600,4
000001710300,3
000003056000,7
000001421300,2
000001613200,5
000026178000,7
000001584800,4
000002560800,4
00000A523000,4
000001371500,3
000020066300,1
00000A597900,4
000001022600,2
000001824500,2
000001373000,24
000001695900,2
000001824600,5
000001824600,7
000001200800,2
0000A6422600,2
000080175300,4
000003786500,4
000021248800,1
000021086600,1
000035741100,1
000075399100,2
000387587100,1
000021488000,1
000058200000,1
000529145100,1
000001230600,2
000001711300,2
000001732700,3
000001730700,4
000001418000,5
000001045700,2
000001215100,2
000027613300,1
000040310100,1
000026070100,2
