4702229
4693446
4713632
4716478
4643505
4675813
4690157
4705151
4706093
7001614
4716053
4690693
4710963
4687844
4694893
4686364
4712376
4707303
4603514
1213120
4666986
234416
4662397
4554502
182946
4708801
4632942
4683442
4720266
4698789
372644
4710827
4679516
4678920
4682433
4715684
4514586
4686878
4717472
4718464
4693209
4702880
4706973
4706666
4698350
4684494
4679492
4707532
4709361
4717747
4746717
4723667
4744133
4726808
4747129
363596
4745009
4766740
4413564
4770473
4744891
4743303
4746592
4743096
4773749
4730213
4742256
4770224
4769567
4745584
4774667
4742836
4723920
4760177
286633
4735450
4765192
4756986
4725637
4570097
4734532
4748122
4663217
4743267
4748424
4737595
4771969
4751559
4763991
4755663
4758970
4743243
4754155
4512380
4752001
4641743
4770421
4489419
4757622
4496099
4770055
4510784
4516682
4741989
4767314
26279
4774624
4858389
4883664
4896433
4877624
4890636
4843259
4837671
4901535
4852250
4843780
4894601
4892346
4892777
4895738
4516991
4898498
4887656
4885879
4893324
4870882
4612308
4899649
4894319
4892620
4902271
1228382
4891067
4869098
4854106
4840618
4845142
1227317
4422943
4880478
4862691
4894244
4873176
4851996
4851545
4417704
4841888
4868396
4636004
4834665
4872986
4883352
4898190
4652158
4887314
4882242
4876142
4860613
4858800
4902578
4870615
4857563
4860189
4844479
4887544
4857395
4871753
4633738
4825015
4874277
4887832
4879974
4881101
4851727
4850128
4784387
4907000
4892812
4952700
4966295
4949381
4960231
4931879
4953471
4961344
4882078
4959713
4891494
4924169
4922301
4871298
4951409
4961171
369102
4965646
4913880
4954884
4778049
4920139
4950288
167559
4917524
4908791
4951233
4921005
4740093
4942784
4906448
4921283
4906767
4942070
4933515
4961672
4931272
4950955
4923369
4926656
4957608
4962778
4943758
4946045
4936317
4945817
4937009
4945987
4949149
4955076
4462452
81265
197509
4957552
4948722
4922186
4931210
4943235
4471717
4950116
4945721
4944542
4965521
4788184
4813211
4823512
4799129
4722600
4818610
4797659
4489697
4828521
4796507
4761545
4832920
4815850
4814883
4833934
4809481
4837334
4836386
4663461
4816039
4772234
4830853
4831863
4823748
4809569
4833109
4831668
4813231
384116
4784221
4587071
4796824
4832317
4833475
4822447
4812566
4828741
4836778
4799956
4822734
4833894
4820405
4634613
4832670
4830744
4719448
4823841
4818732
4793936
257700
4591833
4401377
354468
4826654
4826788
318439
4806366